  10.0.0.2
180
150
162
138
147
141
149
159
133
152
143
127
159
183
134
158
155
171
155
148
  10.0.0.4
238
272
228
285
259
290
251
350
221
265
300
249
226
318
262
238
264
237
313
288
  10.0.0.6
274
399
334
421
395
411
386
331
407
292
362
308
310
347
356
369
295
367
364
346
  10.0.0.8
456
599
472
565
536
551
586
571
509
440
466
561
640
602
574
619
516
570
556
521
  10.0.0.10
677
756
732
535
754
749
581
673
794
604
699
691
767
757
715
762
792
792
719
752
  10.0.0.12
817
901
862
813
630
868
930
761
810
872
823
857
781
796
852
704
856
878
658
816
  10.0.0.14
994
897
931
980
938
926
937
950
832
1000
937
821
869
926
908
880
941
909
919
962
  10.0.0.16
985
1170
1086
1165
1103
1255
1246
1176
1033
1161
1073
1142
882
1059
1040
940
1030
1085
1000
1027
  10.0.0.18
1125
1106
1042
1050
1054
1093
1131
1133
1058
1170
1422
1196
1240
1191
1243
1247
1255
1301
1060
1041
  10.0.0.20
1460
1413
1144
1190
1375
1153
1337
1280
1232
1217
1116
1287
1329
1260
1177
1215
1198
1082
1260
1297
  10.0.0.22
1321
1431
1269
1373
1344
1279
1366
1341
1398
1292
1360
1474
1305
1354
1394
1213
1434
1557
1388
1249
  10.0.0.24
1452
1465
1359
1380
1403
1351
1344
1342
1407
1464
1502
1483
1213
1331
1384
1490
1408
1495
1373
1539
  10.0.0.26
1536
1626
1513
1538
1442
1486
1446
1527
1451
1501
1398
1643
1736
1605
1478
1516
1581
1478
1514
1666
  10.0.0.28
1641
1615
1577
1672
1792
1692
1662
1582
1785
1606
1542
1711
1626
1528
1489
1584
1738
1655
1735
1675
  10.0.0.30
1887
1914
1686
1577
1552
1802
1619
1690
1790
1840
1732
1684
1616
1808
1819
1941
1832
1731
1773
1767
  10.0.0.32
1973
1922
2019
1960
1836
2019
1993
1911
1893
1945
2068
2044
1962
1942
1884
1990
2186
1978
1925
2063
  10.0.0.34
2463
2125
2196
2296
2268
2115
2052
2105
2117
2048
1917
1932
1958
1969
1988
2112
2054
2229
2070
2134
  10.0.0.36
2195
2177
2216
2221
2191
2251
2213
2056
2273
2130
2201
2241
2256
2330
2065
2119
2167
2138
2190
2305
  10.0.0.38
2289
2314
2325
2519
2358
2249
2401
2289
2328
2149
2214
2160
2263
2700
2464
2506
2400
2454
2261
2261
  10.0.0.40
2428
2429
2510
2529
2589
2446
2530
2395
2274
2434
2460
2343
2653
2461
2278
2541
2637
2557
2471
2469
  10.0.0.42
2463
2382
2699
2560
2607
2455
2538
2559
2689
2460
2548
3060
2719
2659
2623
2519
2703
2552
2672
2559
  10.0.0.44
2570
2731
2853
2840
2856
2804
2805
2747
2694
2659
2700
2772
2844
2817
2733
2571
2803
2702
2764
2749
  10.0.0.46
2908
2929
2906
2828
2830
2853
2685
2837
2957
2900
2747
2878
2847
2798
2976
2935
2968
2884
2902
3120
  10.0.0.48
2937
3026
2999
3011
3029
3028
2926
2924
2887
2918
3013
3068
3285
3012
3170
3077
3032
3091
2910
3061
  10.0.0.50
3836
3060
3373
3217
3023
3088
3207
3320
3329
3272
3307
3275
3261
3178
3168
3001
3369
3141
3236
3157
  10.0.0.52
3424
3365
3291
3360
3315
3394
3205
3415
3499
3312
3492
3211
3567
3289
3494
3441
3344
3552
3166
3343
  10.0.0.54
3634
3535
3647
3631
3937
3364
3331
3389
3582
3537
3408
3584
3428
3410
3351
3160
3226
3445
4033
3436
  10.0.0.56
3592
3590
3616
3890
3550
3449
3465
3349
3548
3716
3984
3704
3656
3482
3673
3524
3477
3362
3450
3386
  10.0.0.58
3508
3474
3539
3578
3482
3665
3528
3606
3598
3525
3489
3465
3622
3599
4014
3750
3660
4128
4181
4110
  10.0.0.60
4046
3889
3917
3798
3796
3658
3703
3794
3672
3581
3904
3863
3878
3633
3691
3761
3746
3815
3825
4437
  10.0.0.62
4010
3852
4451
4024
4118
3675
3698
3519
3608
3788
3802
3829
4057
3952
3899
3910
3905
3929
3841
3964
  10.0.0.64
3963
4164
4129
3852
3812
3683
3904
3816
3731
4452
4466
4235
4003
4110
4031
3908
3890
3889
4179
4211
