  10.0.0.2
57.9
58.5
94.1
75.7
71.1
101
54.3
109
97.7
84.1
105
80.7
67.3
87.6
117
106
86.5
104
94.5
64.7
51.4
121
95.3
107
108
106
56.6
99.3
85.2
84.9
  10.0.0.3
123
101
110
78.4
88.9
111
101
86.3
95.8
123
110
92.6
91.6
98.2
103
78.4
101
125
100
93.6
113
118
106
132
136
90.6
107
105
80.2
108
  10.0.0.4
77.8
91.2
97.5
102
104
88.1
107
96.2
98.2
123
107
121
165
88.3
102
112
88.0
104
99.7
120
117
103
106
155
116
163
133
82.9
116
93.5
  10.0.0.5
126
154
140
136
116
121
168
166
172
95.5
134
157
175
159
173
163
116
102
144
114
166
151
160
109
124
170
120
181
168
171
  10.0.0.6
126
178
143
181
165
173
181
208
139
166
128
180
197
184
167
143
161
172
166
175
168
179
163
152
169
152
182
191
159
198
  10.0.0.7
197
170
203
192
181
155
177
170
185
171
181
166
192
173
200
216
209
151
151
201
193
171
194
142
197
181
224
148
181
157
  10.0.0.8
209
175
198
187
183
170
242
257
205
163
239
166
181
164
170
156
219
218
162
185
199
167
183
187
247
190
222
187
184
160
  10.0.0.9
191
208
234
243
188
197
250
207
199
252
210
241
250
189
204
319
263
247
251
219
252
211
258
209
230
262
209
194
199
245
  10.0.0.10
216
240
204
208
215
220
219
211
248
244
215
239
227
258
269
229
217
201
267
246
271
269
245
269
227
230
232
224
215
232
  10.0.0.11
244
255
264
235
230
248
299
223
272
228
308
238
250
202
226
216
268
226
218
231
238
222
223
254
240
243
246
258
230
217
  10.0.0.12
269
267
305
273
294
253
241
287
330
260
283
271
265
273
276
298
280
259
245
253
253
266
265
252
283
260
307
228
235
278
  10.0.0.13
314
313
313
315
325
269
306
281
299
280
286
286
283
313
316
338
256
268
299
283
274
298
293
248
273
270
295
263
313
307
  10.0.0.14
335
342
320
298
272
320
285
346
289
284
292
291
282
376
290
284
306
288
284
302
282
293
286
316
288
299
365
293
346
312
  10.0.0.15
350
330
336
290
383
318
360
375
312
318
305
317
324
298
309
382
326
308
309
323
294
308
324
339
329
290
312
321
354
329
  10.0.0.16
367
344
335
320
321
328
392
335
317
342
352
330
343
340
339
312
396
335
324
341
316
334
320
333
301
326
338
315
337
329
  10.0.0.17
349
356
357
335
380
341
342
319
333
373
340
320
360
337
350
353
346
361
386
403
374
362
365
370
347
367
358
358
361
358
  10.0.0.18
379
365
412
387
369
366
386
372
348
382
361
429
355
360
368
386
398
366
383
428
375
353
456
389
343
356
412
354
373
362
  10.0.0.19
365
390
422
381
472
447
372
402
375
384
380
412
445
376
383
441
451
371
388
391
406
425
442
446
416
377
414
393
401
401
  10.0.0.20
417
472
471
447
424
413
461
413
469
461
408
516
507
516
526
413
434
418
420
398
480
444
444
412
441
413
399
407
431
395
  10.0.0.21
440
436
469
426
459
449
415
456
423
437
433
455
433
449
414
453
450
428
468
371
430
458
505
465
445
459
419
429
451
454
  10.0.0.22
431
429
521
491
528
479
478
462
444
461
456
446
498
479
458
463
434
448
454
487
455
434
506
429
461
442
448
459
438
454
  10.0.0.23
535
495
512
469
512
513
497
484
479
472
551
493
464
462
480
477
476
526
511
485
517
473
452
500
475
460
449
475
505
479
  10.0.0.24
478
569
524
514
503
483
552
457
559
542
557
563
512
505
540
502
476
490
498
485
483
503
504
447
528
517
511
506
525
522
  10.0.0.25
564
528
548
508
518
481
572
564
508
497
510
578
542
519
520
471
494
508
550
555
570
554
520
524
501
570
504
487
511
560
  10.0.0.26
627
540
603
529
529
587
543
519
596
514
555
581
584
538
606
583
559
530
524
553
514
553
544
585
574
553
491
559
554
522
  10.0.0.27
556
533
591
602
571
552
539
560
585
568
555
545
565
568
583
599
563
606
588
564
650
576
611
577
565
562
574
591
582
605
  10.0.0.28
606
592
583
620
606
584
555
598
549
593
636
584
586
592
580
596
573
641
556
576
563
562
549
605
705
555
628
575
565
579
  10.0.0.29
570
605
713
636
655
607
577
587
635
588
586
627
619
580
644
619
587
621
601
633
592
647
658
615
579
587
612
602
626
629
  10.0.0.30
614
622
655
650
612
586
642
631
627
611
653
650
654
638
691
670
661
642
627
638
659
616
623
641
602
635
608
673
610
619
ARP
