  10.0.0.2
110
75.1
86.8
128
98.7
75.6
96.0
74.3
120
148
99.2
142
85.8
120
127
95.2
108
90.9
110
89.6
121
96.6
98.7
119
112
104
102
85.0
93.3
104
  10.0.0.3
No ARP entry for 10.0.0.3
105
110
84.9
134
162
119
99.0
138
113
130
146
130
151
115
116
127
105
110
108
110
104
127
122
117
110
119
120
107
107
104
  10.0.0.4
No ARP entry for 10.0.0.4
145
181
133
124
127
157
133
123
130
137
177
136
139
131
146
131
148
153
118
133
148
144
124
135
187
154
113
184
183
141
  10.0.0.5
No ARP entry for 10.0.0.5
161
160
139
164
193
179
148
213
162
187
142
215
168
198
218
211
177
206
190
204
195
188
194
218
177
148
194
182
136
126
  10.0.0.6
No ARP entry for 10.0.0.6
177
206
204
198
214
198
216
190
200
207
221
199
222
217
193
212
207
200
196
200
225
198
216
181
210
204
192
213
217
163
  10.0.0.7
No ARP entry for 10.0.0.7
217
237
212
198
216
220
217
212
211
260
234
179
223
235
217
186
241
232
241
195
194
217
211
194
226
225
191
245
225
207
  10.0.0.8
No ARP entry for 10.0.0.8
259
248
285
237
228
211
247
212
242
258
225
227
285
221
255
234
253
251
242
250
275
278
219
255
242
233
201
246
256
231
  10.0.0.9
No ARP entry for 10.0.0.9
272
252
249
254
253
239
267
260
275
254
250
262
260
259
254
257
260
260
270
255
276
240
257
266
249
277
258
259
400
280
  10.0.0.10
No ARP entry for 10.0.0.10
268
326
299
260
269
339
332
285
265
373
284
334
307
285
271
280
303
275
264
289
296
274
277
285
311
278
252
297
285
272
  10.0.0.11
No ARP entry for 10.0.0.11
338
310
335
311
363
295
319
297
339
305
334
311
305
337
278
308
309
298
290
316
329
298
313
311
328
302
305
295
305
288
  10.0.0.12
No ARP entry for 10.0.0.12
337
323
375
365
344
332
332
352
355
360
360
352
367
345
363
345
327
366
330
325
322
358
337
344
320
334
336
325
378
406
  10.0.0.13
No ARP entry for 10.0.0.13
337
356
391
347
373
399
347
379
367
360
357
347
341
367
354
380
359
386
367
348
346
345
350
388
350
337
363
426
380
336
  10.0.0.14
No ARP entry for 10.0.0.14
431
371
358
399
448
365
380
385
380
381
376
380
365
360
364
383
457
445
399
388
398
385
385
366
403
431
398
425
401
449
  10.0.0.15
No ARP entry for 10.0.0.15
453
393
392
443
412
421
415
501
434
417
413
377
419
413
405
392
431
420
525
590
607
612
446
506
476
425
534
468
519
462
  10.0.0.16
No ARP entry for 10.0.0.16
499
463
454
456
482
448
487
478
431
522
472
530
532
504
463
440
499
541
518
583
479
445
533
441
457
478
416
492
480
480
  10.0.0.17
No ARP entry for 10.0.0.17
457
568
488
455
457
557
461
499
514
551
515
542
452
466
460
491
599
613
847
544
678
667
526
471
445
468
575
569
622
546
  10.0.0.18
No ARP entry for 10.0.0.18
547
572
591
559
646
541
483
507
529
545
520
509
548
617
658
562
531
612
545
493
554
512
517
508
517
498
595
514
506
490
  10.0.0.19
No ARP entry for 10.0.0.19
603
539
566
581
556
534
534
509
630
530
511
546
563
543
550
543
546
552
550
526
538
538
534
563
565
583
525
524
561
534
  10.0.0.20
No ARP entry for 10.0.0.20
639
640
609
591
556
615
595
600
520
558
554
543
553
578
579
591
584
625
572
559
593
579
549
561
577
560
586
526
566
571
  10.0.0.21
No ARP entry for 10.0.0.21
593
625
587
604
608
692
682
607
572
600
576
556
612
593
628
618
575
604
588
639
601
569
669
588
613
606
598
615
592
575
  10.0.0.22
No ARP entry for 10.0.0.22
599
642
637
630
690
642
639
632
629
594
607
675
652
668
654
633
622
618
649
625
614
655
702
641
611
608
672
664
605
602
  10.0.0.23
No ARP entry for 10.0.0.23
684
620
692
641
639
655
626
626
646
650
619
639
672
700
652
631
661
688
670
658
645
652
684
681
683
662
698
657
662
645
  10.0.0.24
No ARP entry for 10.0.0.24
660
680
751
707
724
647
674
713
701
717
682
665
719
731
725
671
664
689
653
695
706
669
825
700
656
657
741
657
677
656
  10.0.0.25
No ARP entry for 10.0.0.25
741
706
679
714
739
729
734
698
806
756
672
708
698
707
695
750
700
734
710
713
688
724
704
701
670
704
685
699
721
714
  10.0.0.26
No ARP entry for 10.0.0.26
792
817
710
692
722
718
764
699
743
732
771
705
799
792
776
784
750
713
750
754
710
693
774
722
745
724
770
754
736
761
  10.0.0.27
No ARP entry for 10.0.0.27
779
768
783
773
795
801
776
786
776
733
751
817
774
762
771
750
758
748
756
776
795
815
766
808
800
815
750
732
808
740
  10.0.0.28
No ARP entry for 10.0.0.28
792
831
808
801
820
787
806
798
797
790
819
795
783
825
828
790
798
779
774
838
798
828
803
790
781
816
799
805
789
799
  10.0.0.29
No ARP entry for 10.0.0.29
829
837
813
842
794
892
839
831
824
810
812
857
877
852
807
821
909
842
844
784
897
832
845
804
844
845
837
822
839
789
  10.0.0.30
No ARP entry for 10.0.0.30
894
820
855
828
932
794
868
870
823
838
862
831
848
880
851
865
862
852
827
870
926
841
847
926
880
875
890
827
844
815
