  10.0.0.2
227
226
207
188
245
219
293
209
173
169
254
174
190
177
163
208
196
207
181
166
  10.0.0.4
417
368
331
352
369
315
326
370
371
291
397
357
390
327
338
410
341
352
405
373
  10.0.0.6
499
545
509
548
507
552
539
542
513
569
497
451
467
486
523
544
536
476
500
538
  10.0.0.8
654
675
685
734
760
747
769
695
698
615
729
731
655
639
668
676
733
692
764
640
  10.0.0.10
917
885
847
764
748
819
792
882
902
925
878
834
777
791
884
787
834
771
800
851
  10.0.0.12
1076
1078
1065
941
1027
915
959
1001
951
887
1015
896
1023
1010
1023
1071
935
971
1027
901
  10.0.0.14
1154
1172
1188
1121
1126
1163
1024
1196
1211
1227
1119
1249
1136
998
1133
1189
1061
1115
1048
1146
  10.0.0.16
1337
1398
1358
1222
1229
1260
1362
1365
1376
1436
1263
1356
1335
1304
1345
1442
1351
1327
1409
1406
  10.0.0.18
1673
1556
1373
1467
1559
1595
1490
1541
1452
1502
1506
1611
1529
1459
1448
1544
1315
1533
1429
1533
  10.0.0.20
1646
1681
1719
1754
1561
1607
1713
1703
1551
1875
1912
1924
1796
1778
1759
1986
1834
1763
1845
1650
  10.0.0.22
1765
1822
2082
1852
1967
1866
2054
1798
1960
2055
2059
1936
1906
1988
1852
1979
1908
1929
1992
2036
  10.0.0.24
2148
2112
2191
1962
2187
2015
2188
1954
2033
2000
2134
2213
2216
2049
1992
1933
2218
1990
2044
1901
  10.0.0.26
2221
2096
2293
2130
2140
2165
2117
2186
2223
2221
2199
2181
2267
2190
2178
2107
2106
2271
2313
2203
  10.0.0.28
2302
2388
2372
2420
2448
2417
2419
2547
2381
2499
2324
2331
2428
2531
2447
2269
2274
2505
2381
2424
  10.0.0.30
2581
2579
2518
2414
2454
2599
2755
2695
2649
2777
2761
2780
2569
2536
2476
2624
2288
2492
2439
2537
  10.0.0.32
2667
2743
2680
2600
2466
2484
2721
2557
2728
2651
2303
2526
2444
2451
2478
2389
2609
2466
2527
2480
  10.0.0.34
2744
2707
2704
2721
2602
2614
2521
2748
2747
2557
2507
2627
2500
2611
2548
2799
2631
2654
2472
2642
  10.0.0.36
2758
2792
2666
2735
2827
2815
2703
2849
2889
2738
2804
2855
2785
2611
2970
2905
2768
2715
2767
2913
  10.0.0.38
3031
2944
2865
3058
2909
2943
2888
2898
2946
2868
2861
2941
2847
2835
2933
2916
2842
2823
2940
2921
  10.0.0.40
3203
3039
3018
3048
3155
2931
3123
3042
2881
3019
3175
3037
3024
3087
3041
3048
3012
3038
3020
2845
  10.0.0.42
3285
3081
3296
3172
3120
3149
3136
3150
3254
3145
3210
3132
3202
3312
3197
3194
3184
3151
3221
3175
  10.0.0.44
3569
3439
3313
3215
3431
3522
3487
3355
3463
3333
3147
3274
3326
3327
3254
3316
3337
3334
3346
3318
  10.0.0.46
3279
3411
3522
3437
3503
3470
3528
3494
3495
3511
3305
3476
3307
3418
3504
3341
3364
3466
3441
3419
  10.0.0.48
3661
3674
3531
3568
3585
3531
3613
3589
3640
3674
3521
3656
3812
3574
3496
3502
3387
3613
3510
3489
  10.0.0.50
3684
3633
3614
3683
3668
3664
3589
3774
3652
3508
3622
3555
3529
3479
3632
3581
3487
3534
3482
3376
  10.0.0.52
3757
3693
3806
3832
3755
3748
3700
3625
3526
3553
3757
3798
3655
3726
3700
3682
3707
3718
3534
3642
  10.0.0.54
3986
3828
3840
3826
3888
3836
3792
3792
3874
3856
3822
3832
3686
3770
3734
3800
3747
3742
3862
3724
  10.0.0.56
3969
4063
4084
3922
3957
3948
3977
3905
3936
3930
4041
3909
3825
3918
3941
3926
3936
4013
4005
3880
  10.0.0.58
4109
4174
4184
4219
4157
4169
4344
4247
4132
4207
4143
4220
4151
4244
4155
4144
4147
4243
4232
4109
  10.0.0.60
4395
4262
4372
4334
4347
4336
4403
4418
4397
4301
4327
4351
4448
4401
4285
4256
4462
4389
4292
4291
  10.0.0.62
4430
4522
4667
4583
4660
4577
4573
4502
4468
4352
4480
4473
4413
4500
4388
4393
4319
4368
4396
4617
  10.0.0.64
4634
4727
4671
4790
4639
4661
4685
4756
4702
4663
4749
4623
4579
4447
4607
4542
4574
4582
4632
4654
