2432
2602
2529
2558
2584
2590
2623
2524
2539
2666
2788
3324
2649
3043
2526
2530
2606
2666
2718
2633
2710
2650
2743
2633
2706
3263
2957
2708
3236
2692
3156
3889
2719
3216
2795
3647
3281
3267
2709
2622
3302
3711
2987
3019
3034
3132
3090
3169
3083
2952
3110
3319
3391
3034
2990
3102
3426
3125
3138
3233
3127
3406
3020
3038
3102
3132
3113
2947
3221
3279
3046
2973
2984
2968
2569
3195
2880
3022
3040
2994
3564
3584
3126
3264
3172
3238
3555
3239
3331
3257
2570
2634
2830
2694
3242
2656
3005
3255
2868
3060
