1613
1606
1626
1618
1764
1640
1668
1704
1690
1641
1671
1663
1687
1696
1772
1729
1781
1682
1675
1652
1756
1691
1714
1745
1620
1688
1655
1722
1670
1702
1689
1652
1724
1703
1723
1720
1675
1770
1672
1696
1695
1674
1678
1729
1719
1632
1695
1694
1790
1716
1685
1660
1744
1623
1667
1713
1694
1584
1639
2066
1658
1785
1718
1747
1673
1786
1709
1718
1740
1733
1626
1663
1690
1685
1676
1672
1782
1700
1731
1751
1725
1968
1939
1707
1684
1770
1636
1772
1748
1727
1769
1791
1657
1618
1754
1712
1937
1798
1747
1730
