2070
2048
1972
2047
2069
2023
2158
2047
1980
2088
2036
2019
2027
2115
2078
2084
2108
2000
2070
2091
2019
2013
2071
2085
2232
2307
2201
2261
2185
2198
2244
2118
2230
2082
2176
2179
2240
2349
2311
2283
2304
2233
2143
2203
2256
2219
2256
2277
2258
2236
2282
2315
2189
2259
2077
2227
2074
2163
2091
2105
2223
2079
2119
2083
2025
2106
2106
2208
2128
2056
1989
2149
2088
2043
2157
2195
2204
2017
2011
2074
2268
2085
2006
2056
2079
2159
2203
2188
2196
2189
2166
2219
2272
2452
2237
2251
2286
2242
2242
2363
