3727
4040
5318
4944
4260
4974
5123
4430
5288
3919
3956
5101
5396
5254
5477
5273
4500
4931
5220
4975
5122
4352
4475
5782
3824
3755
3708
3847
3628
5333
4950
4234
5577
5834
4994
5770
5816
4007
3752
4120
4071
4231
4090
3844
4018
4100
3944
4191
4097
4387
3673
3794
3926
3990
4037
3984
4248
3944
3812
4453
5979
4488
5163
5437
4878
4337
3831
4468
5460
4114
4381
3778
3616
4315
4438
3836
4040
3780
3770
4043
3976
4128
3717
4067
3742
5083
4364
4299
4567
3674
3883
4564
3664
3630
3697
3700
3558
3845
3680
3544
