3936
3077
3013
3047
3062
3047
3287
2993
3170
3124
2802
2974
2901
2993
2973
2958
2922
2982
2906
2974
2955
2890
3137
3041
2997
2934
2868
2889
2949
2957
2903
2986
2871
3196
3685
3793
4338
4082
3760
3323
2900
2961
2817
2920
2876
2969
3024
3021
2865
2932
2952
2913
2866
2894
2984
2882
3128
3071
2950
2983
2891
2953
3111
2963
2833
2953
3188
2945
3287
3062
2957
2971
2886
2889
3005
2812
2966
2841
2835
2844
3151
3125
3173
4086
3131
2967
3036
2803
2847
2802
2891
2841
2838
2853
2819
2920
2834
2813
2929
2847
