175
159
160
141
173
128
164
202
151
192
169
151
128
172
172
163
195
172
173
165
168
171
183
178
156
153
161
161
165
156
164
176
163
147
154
142
171
187
166
172
168
158
171
166
174
151
127
185
133
238
194
184
195
153
167
186
158
155
174
193
170
158
172
190
141
176
153
164
167
163
140
181
165
161
160
156
165
167
174
133
172
152
177
179
135
186
161
144
172
140
179
158
156
224
142
168
173
173
138
167
172
141
132
169
183
179
173
146
169
164
192
178
161
154
170
145
177
172
150
142
147
135
160
147
168
199
149
183
144
146
137
167
163
142
165
125
128
146
158
164
156
172
196
173
174
163
164
164
146
191
197
145
153
150
167
158
186
157
206
143
180
171
165
171
170
160
145
145
169
144
149
158
149
146
141
184
160
171
154
179
183
168
167
169
170
188
151
158
174
165
171
158
148
184
174
156
167
191
162
163
