166
152
214
196
158
187
184
158
185
152
181
167
199
194
167
182
163
189
205
140
158
178
158
146
161
162
174
157
167
171
191
157
174
162
152
153
190
174
167
141
171
210
171
190
191
180
170
164
192
199
148
162
174
177
176
212
191
166
150
206
184
165
151
169
162
156
154
178
175
181
176
168
172
200
173
153
179
164
162
211
167
184
181
211
182
178
221
168
180
174
180
175
164
167
179
165
159
159
185
174
158
195
234
153
158
178
181
161
186
132
165
157
172
178
194
190
168
173
205
191
187
221
152
145
173
167
180
195
187
188
167
207
211
217
162
159
189
170
140
160
164
171
157
166
168
220
240
165
227
152
188
194
181
162
164
185
152
172
156
198
169
147
138
124
153
180
236
165
203
202
182
211
191
147
188
213
153
160
168
167
204
170
179
163
167
188
145
200
206
159
156
156
169
166
148
166
208
206
196
164
