593
502
511
455
501
508
506
445
440
508
512
468
453
467
442
523
498
455
438
467
516
461
457
468
430
482
513
459
442
496
453
492
468
512
514
648
460
545
507
550
483
574
473
499
473
452
461
504
433
455
497
459
496
432
545
494
469
448
526
474
465
499
459
444
480
479
480
454
426
484
483
512
606
478
562
524
542
520
539
499
504
494
561
462
504
475
509
462
490
499
472
519
451
536
458
507
481
510
483
467
455
558
487
429
439
497
451
497
490
484
460
477
494
550
503
468
465
515
447
616
489
552
435
519
410
506
483
482
462
530
497
460
462
455
472
461
454
444
509
457
477
443
450
457
452
491
468
508
461
463
491
451
496
562
534
484
553
487
558
468
536
526
567
496
447
450
470
548
440
542
451
488
495
474
457
453
459
467
514
574
470
495
475
510
558
523
502
477
492
602
503
528
434
433
529
513
496
534
436
501
