576
738
505
501
495
527
499
515
537
530
502
506
512
519
526
587
507
643
500
632
500
635
511
637
524
578
538
556
515
587
495
616
499
574
485
565
474
609
534
608
501
643
517
680
534
589
525
611
547
615
477
552
486
566
515
602
499
634
474
576
508
559
530
619
470
547
504
555
489
558
529
514
494
516
468
476
502
476
469
481
505
484
520
508
494
478
539
511
514
500
487
510
498
551
476
532
484
486
515
497
471
520
487
527
517
504
495
482
512
503
489
534
497
483
536
480
546
473
558
533
543
480
602
489
552
498
577
502
553
485
530
515
509
501
622
493
475
477
488
519
533
487
507
548
469
479
480
500
499
489
480
487
470
479
491
469
479
491
508
525
474
515
487
487
490
550
526
471
489
482
483
575
457
607
555
656
487
571
485
649
542
522
493
524
463
545
495
535
475
558
473
549
532
598
490
574
501
574
469
565
