82.4
82.7
100
78.6
85.4
79.3
91.0
77.7
77.4
78.3
86.9
88.7
77.2
75.8
89.3
93.3
83.2
75.8
54.8
118
79.2
97.5
72.5
67.2
63.1
98.5
68.2
75.5
61.3
69.8
80.8
92.3
93.4
97.9
59.0
80.3
59.6
88.0
82.5
60.8
98.4
83.6
89.2
103
85.3
97.3
84.0
80.7
77.7
90.6
70.0
69.9
85.0
77.3
75.8
93.2
87.0
76.0
88.9
65.0
81.5
93.5
70.2
86.2
77.4
79.4
56.0
70.2
82.6
108
65.9
85.7
80.7
77.7
90.3
56.8
85.9
77.5
50.0
81.6
73.0
116
124
74.1
56.3
95.5
74.1
73.8
66.7
76.7
78.8
70.9
77.4
78.8
91.5
66.7
72.8
83.5
80.9
86.7
78.1
67.9
48.8
117
70.3
85.8
70.5
89.1
61.9
90.5
72.6
69.8
73.6
80.4
69.8
103
60.9
102
59.2
94.2
78.7
87.7
81.4
87.9
80.6
88.9
108
70.1
78.2
62.7
72.8
80.4
81.6
78.4
71.2
54.9
96.9
81.2
61.0
77.6
83.0
69.9
97.0
53.5
52.4
51.3
49.2
51.4
47.9
79.3
53.3
87.1
82.4
64.5
70.9
107
70.1
53.5
82.9
70.4
75.3
57.9
71.0
65.0
88.9
97.0
55.9
73.7
68.7
87.1
96.9
79.6
93.5
89.8
65.0
75.9
66.6
86.0
71.2
84.7
90.1
74.7
76.8
82.0
63.4
89.1
60.4
88.6
89.3
83.7
91.5
95.1
78.9
87.9
97.9
48.9
79.1
76.0
80.5
75.4
