321
366
363
297
312
301
313
310
303
397
317
311
354
323
320
362
319
320
326
308
305
309
309
322
326
323
296
325
339
305
321
322
309
335
325
300
342
312
309
368
315
311
335
327
341
313
332
316
314
306
306
381
436
321
310
336
317
349
301
287
328
312
288
357
309
313
286
319
279
308
306
341
357
310
300
337
456
337
400
311
344
322
320
324
317
301
364
332
313
348
347
324
370
292
313
316
317
360
318
311
292
355
368
312
303
314
328
273
287
291
274
291
350
395
326
296
348
295
276
272
335
309
302
334
277
338
440
330
353
351
345
312
296
353
344
301
322
355
362
299
321
366
356
342
338
302
314
315
322
358
364
329
335
327
317
294
311
310
317
314
373
314
304
345
278
318
358
299
333
296
364
304
330
309
328
330
396
327
324
313
340
337
313
342
315
301
288
350
296
351
325
336
262
300
296
319
313
285
288
357
