62.3
94.5
62.3
59.0
57.7
75.8
85.0
88.3
50.7
100
60.3
60.9
79.8
76.5
96.1
64.7
72.3
84.6
71.3
87.4
88.0
76.0
66.6
57.0
94.2
73.1
80.3
84.5
50.1
96.3
70.7
84.9
79.4
67.3
77.1
83.1
87.0
81.6
79.7
106
88.2
83.1
54.2
49.6
91.3
95.5
67.1
88.9
87.4
108
105
83.0
67.6
79.6
75.8
76.2
76.0
86.8
87.6
77.2
61.7
101
55.6
87.6
85.4
55.7
74.3
78.7
65.8
89.7
73.6
72.8
100
95.9
77.8
77.0
84.3
58.6
80.7
86.9
89.6
84.0
77.5
96.1
54.6
63.3
78.5
94.5
97.5
83.8
77.5
86.5
65.3
89.4
100
87.3
45.0
87.8
68.0
56.6
91.8
72.9
82.3
84.5
91.4
93.8
90.7
65.2
50.6
48.2
71.3
83.5
53.8
70.9
83.8
61.2
82.1
86.8
71.9
87.3
105
97.6
80.7
77.5
78.4
97.4
82.9
68.0
56.6
72.9
105
67.9
60.1
63.6
85.2
82.3
75.4
76.5
74.7
74.8
76.7
72.0
83.0
67.7
93.9
75.9
96.3
78.8
78.5
60.6
87.1
68.8
98.2
64.9
78.8
84.4
94.9
54.6
52.8
50.3
51.4
68.2
78.8
52.3
90.4
84.0
87.3
102
74.1
83.2
93.4
74.7
113
60.0
84.8
84.1
88.1
77.2
82.7
96.2
97.0
53.6
66.3
79.3
71.8
83.6
91.6
64.2
80.3
73.7
93.4
108
75.6
91.8
80.3
81.8
48.2
62.9
88.4
87.2
