317
267
338
339
297
303
318
298
301
318
248
288
267
275
305
277
281
293
250
260
334
297
283
289
309
323
264
284
376
290
305
299
288
297
296
269
332
282
284
340
266
310
274
279
297
263
271
270
265
305
300
292
269
289
276
276
315
347
278
288
261
259
290
280
296
262
285
289
272
281
316
317
292
289
288
295
279
302
305
275
263
318
288
286
297
304
294
270
306
287
298
271
325
288
269
294
347
277
250
268
277
256
271
277
264
315
288
283
273
268
285
299
341
308
307
301
308
281
290
272
260
287
284
345
274
271
262
275
287
277
288
309
249
303
337
370
272
317
288
283
301
284
263
275
286
322
264
282
289
281
291
296
275
250
267
293
280
314
276
293
250
270
268
278
296
327
284
277
265
333
257
252
293
276
285
294
324
288
260
312
281
265
295
265
309
257
295
335
297
321
303
302
270
268
260
266
343
286
331
293
