676
679
760
659
662
633
685
662
735
699
643
753
658
812
712
828
642
608
671
610
613
643
624
639
662
627
638
615
632
649
637
638
635
650
642
678
649
619
633
636
652
681
634
635
595
627
634
654
812
644
755
629
690
657
618
664
623
625
622
644
678
654
603
663
628
645
668
610
614
642
679
600
638
639
646
647
675
616
655
678
644
676
665
679
630
732
641
699
655
619
690
783
731
729
792
673
671
663
628
635
685
692
698
628
660
639
720
646
717
635
753
645
685
680
637
658
650
623
622
615
618
644
633
632
636
686
615
618
635
587
661
612
642
644
635
657
678
629
608
638
604
632
637
752
625
707
625
771
643
724
626
630
784
671
670
653
687
675
703
693
652
659
626
643
631
671
622
644
651
663
647
620
763
602
723
630
772
619
627
686
642
650
624
617
657
789
669
681
950
674
612
680
604
657
626
632
654
661
672
789
