  10.0.0.2
120
122
150
121
122
112
138
147
127
126
150
138
148
136
130
151
141
123
144
140
  10.0.0.4
No ARP entry for 10.0.0.4
141
235
214
205
275
199
256
178
191
209
199
230
227
242
262
224
199
247
199
196
  10.0.0.6
No ARP entry for 10.0.0.6
202
386
286
282
234
257
249
279
282
270
233
247
243
287
276
253
296
245
249
251
  10.0.0.8
No ARP entry for 10.0.0.8
211
361
322
343
286
307
400
356
301
343
376
358
376
347
347
337
403
417
328
309
  10.0.0.10
No ARP entry for 10.0.0.10
268
432
417
578
646
508
406
467
578
438
393
395
397
373
426
437
415
400
411
387
  10.0.0.12
No ARP entry for 10.0.0.12
324
447
525
442
489
485
463
457
468
519
450
544
462
462
459
531
470
473
453
565
  10.0.0.14
No ARP entry for 10.0.0.14
341
527
535
555
651
515
561
535
564
660
577
599
632
588
583
636
527
587
547
736
  10.0.0.16
No ARP entry for 10.0.0.16
443
621
620
610
699
673
685
644
700
658
686
710
661
645
617
665
629
661
667
658
  10.0.0.18
No ARP entry for 10.0.0.18
508
684
749
753
769
719
721
646
747
743
695
698
707
778
672
719
747
788
671
699
  10.0.0.20
No ARP entry for 10.0.0.20
533
750
769
757
796
753
785
814
847
866
957
758
893
786
833
772
823
797
869
813
  10.0.0.22
No ARP entry for 10.0.0.22
558
904
1213
894
792
1033
788
897
867
854
843
869
897
854
962
839
802
842
855
891
  10.0.0.24
No ARP entry for 10.0.0.24
597
856
929
902
930
946
869
915
930
871
969
874
882
860
893
930
897
938
944
954
  10.0.0.26
No ARP entry for 10.0.0.26
685
967
995
965
941
1014
978
1005
980
1007
1002
1022
1020
994
957
965
1015
974
954
975
  10.0.0.28
No ARP entry for 10.0.0.28
691
1007
1047
1046
1086
1072
1124
1108
1064
1055
1186
1118
1158
1094
1057
1028
1131
1122
1056
1113
  10.0.0.30
No ARP entry for 10.0.0.30
750
1176
1158
1205
1113
1110
1209
1176
1277
1221
1130
1216
1552
1227
1563
1167
1188
1235
1310
1141
  10.0.0.32
814
1230
1328
1298
1211
1417
1326
1212
1332
1333
1425
1242
1195
1963
1478
1257
1312
1468
1221
1320
  10.0.0.34
No ARP entry for 10.0.0.34
978
1448
1553
1337
1555
1440
1394
1349
1318
1386
1392
1340
1416
1390
1587
1558
1394
1354
1694
1874
  10.0.0.36
No ARP entry for 10.0.0.36
952
1464
1457
1445
1428
1456
1372
1463
1561
1622
1548
1538
1517
1503
1477
1672
1493
1460
1561
1518
  10.0.0.38
No ARP entry for 10.0.0.38
972
1693
1569
1640
1574
1627
1555
1546
1567
1576
1679
1574
1570
1725
1635
1685
1756
1602
1643
1471
  10.0.0.40
1034
1635
1599
1715
1633
1752
1685
1718
1756
1650
1756
1681
1663
1667
1690
1673
1667
1678
1640
1624
  10.0.0.42
No ARP entry for 10.0.0.42
1051
1809
1753
1669
1693
1798
1771
1970
1731
1839
1740
1806
1776
1822
1740
1757
1783
1737
1815
1803
  10.0.0.44
No ARP entry for 10.0.0.44
1131
1858
1899
1890
1953
1968
1686
1714
1830
1771
1884
2110
2232
2477
2466
1901
2142
1969
1956
1967
  10.0.0.46
No ARP entry for 10.0.0.46
1174
2026
1939
2147
2121
2086
2024
2017
2080
2202
2138
2162
1936
2083
2015
1891
2074
2030
2032
2029
  10.0.0.48
No ARP entry for 10.0.0.48
1210
2045
2190
2190
2140
2196
2091
2054
2120
2129
2136
2221
2117
2127
2128
2048
2157
2234
2258
2262
  10.0.0.50
No ARP entry for 10.0.0.50
1418
2295
2342
2414
2404
2371
2454
2395
2633
2215
2200
2312
2421
2197
2204
2310
2316
2181
2163
2232
  10.0.0.52
No ARP entry for 10.0.0.52
1639
2467
2440
2177
2364
2746
3046
2544
3174
2425
2386
2417
2398
2558
2491
2790
2625
2711
2648
2474
  10.0.0.54
No ARP entry for 10.0.0.54
1541
2732
2623
2506
2542
2579
2477
2589
2550
2429
2450
2620
2517
2464
2588
2397
2382
2553
2708
2457
  10.0.0.56
No ARP entry for 10.0.0.56
1512
2461
2636
2645
2653
2556
2421
2516
2630
2529
2586
2652
2591
2645
2615
2456
2525
2625
2632
3073
  10.0.0.58
No ARP entry for 10.0.0.58
1699
2547
2624
2628
2599
2637
2633
2697
2564
2720
2641
2696
2585
2504
2650
2611
2651
2613
2702
2551
  10.0.0.60
No ARP entry for 10.0.0.60
1665
2776
2708
2752
2838
2803
2679
2773
2729
2811
2917
2801
2719
3035
2895
2694
2963
2721
2714
2601
  10.0.0.62
No ARP entry for 10.0.0.62
1875
2827
2793
2693
2755
2726
2901
2571
2583
2647
2620
2788
3073
2877
2547
3441
3190
3089
2956
2868
  10.0.0.64
No ARP entry for 10.0.0.64
1819
3190
2926
3171
2940
3009
2946
2906
3103
3197
3378
3017
2993
2945
3104
3084
2955
2970
2919
2923
