  10.0.0.2
171
160
200
196
217
148
301
175
179
147
197
219
202
192
189
144
156
173
204
214
  10.0.0.4
266
270
261
258
261
262
240
307
284
273
285
258
300
273
303
284
294
280
274
275
  10.0.0.6
377
395
419
382
380
387
369
393
398
397
416
392
411
429
429
395
392
422
393
434
  10.0.0.8
542
514
515
498
518
505
482
530
476
502
549
522
571
542
483
492
492
530
499
519
  10.0.0.10
722
641
671
719
635
702
626
617
646
674
686
639
709
659
601
659
656
603
672
634
  10.0.0.12
758
946
834
998
861
725
753
953
1143
952
948
835
1106
908
951
800
888
873
898
833
  10.0.0.14
989
920
960
1017
972
1004
963
1035
967
949
912
1044
1039
1019
978
1013
962
1006
1083
948
  10.0.0.16
1224
1161
1076
1167
1087
1091
1133
1180
1140
1197
1223
1163
1096
1147
1121
1284
1139
1144
1422
1232
  10.0.0.18
1478
1146
1136
1327
1301
1574
1111
1189
1217
1809
1553
1300
1385
1395
1358
1431
1305
1177
1230
1511
  10.0.0.20
1526
1523
1445
1569
1500
1465
1408
1471
1380
1473
1390
1437
1449
1423
1426
1401
1418
1405
1353
1355
  10.0.0.22
1553
1576
1721
1543
1567
1558
1655
1539
1521
1532
1598
1489
1527
1582
1474
1550
1599
1600
1467
1589
  10.0.0.24
1620
1741
1596
1677
1661
1752
1663
1682
1581
1731
1531
1635
1826
1769
1638
1700
1662
1681
1673
1750
  10.0.0.26
1795
1862
1932
1850
1722
1868
1836
1847
1749
1774
1844
1857
1835
1910
1836
1769
1773
1906
1842
1801
  10.0.0.28
1969
2019
1937
1925
2058
2115
1984
2034
1897
1982
1889
1864
1915
1885
2053
1921
2049
1919
1904
1906
  10.0.0.30
2430
2164
2246
2218
2153
2119
2145
2122
2032
2297
2115
2093
2381
2320
2336
2119
2167
2335
2203
2141
  10.0.0.32
2389
2344
2285
2048
1997
2101
2105
2092
2097
1949
2136
2092
2006
2001
2056
1980
2115
2077
2001
1984
  10.0.0.34
2189
2174
2092
2154
2110
2208
2258
2185
2197
2172
2128
2115
2174
2208
2154
2090
2224
2155
2259
2202
  10.0.0.36
2294
2348
2217
2321
2328
2263
2324
2307
2249
2376
2253
2328
2338
2273
2294
2344
2247
2293
2304
2260
  10.0.0.38
2421
2548
2622
2434
2442
2347
2399
2513
2437
2363
2436
2445
2381
2473
2428
2395
2485
2448
2387
2423
  10.0.0.40
2506
2573
2570
2557
2532
2590
2626
2654
2587
2603
2581
2604
2601
2562
2489
2558
2605
2550
2656
2599
  10.0.0.42
2754
2709
2714
2702
2674
2791
2664
2658
2775
2741
2829
2763
2660
2659
2723
2656
2711
2666
2665
2595
  10.0.0.44
2867
2821
2866
2754
2776
2815
2766
2931
2885
2762
2845
2837
2851
2793
2829
2821
2803
2798
2860
2800
  10.0.0.46
2948
3004
3027
2989
2959
3025
2963
2968
3011
2914
2953
3048
3009
3043
3045
2980
2898
2979
3004
2997
  10.0.0.48
3028
3073
3082
3129
3114
3114
3076
3113
3116
3083
3038
3160
3082
3050
3043
3056
3106
3079
3111
3087
  10.0.0.50
3298
3269
3261
3255
3216
3178
3307
3198
3268
3275
3223
3229
3217
3249
3174
3183
3202
3168
3226
3232
  10.0.0.52
3368
3298
3280
3339
3367
3427
3333
3282
3294
3273
3309
3374
3316
3387
3371
3291
3248
3363
3257
3316
  10.0.0.54
3411
3416
3462
3413
3465
3478
3397
3328
3418
3521
3486
3495
3560
3441
3446
3394
3359
3393
3521
3395
  10.0.0.56
3643
3626
3541
3670
3470
3627
3642
3550
3627
3642
3582
3474
3565
3577
3586
3538
3581
3538
3547
3557
  10.0.0.58
3668
3691
3681
3650
3730
3734
3718
3768
3745
3800
3664
3640
3668
3646
3721
3652
3627
3841
3659
3565
  10.0.0.60
3848
3702
3752
3789
3761
3889
3834
3777
3849
3765
3777
3850
3769
3815
3819
3873
3741
3628
3789
3684
  10.0.0.62
3955
3895
4104
3892
3986
3794
3910
3970
3966
3827
3848
4006
3969
4051
3971
4004
3941
3921
3999
3915
  10.0.0.64
4026
4026
4046
3997
4037
4045
4011
4001
4124
4067
3952
4060
4069
4123
4025
4077
3991
4109
4041
4059
