86.0
34.8
25.1
46.9
22.2
59.6
25.7
31.5
35.5
22.3
38.3
44.0
33.6
28.0
37.5
97.5
31.8
43.3
28.1
32.7
41.9
33.8
21.4
37.3
30.0
42.7
34.7
32.1
35.6
37.4
99.6
37.3
19.6
34.4
35.3
36.5
30.2
35.8
30.2
35.2
38.2
36.5
39.8
19.4
36.3
113
40.9
28.7
36.4
42.9
34.7
31.6
29.4
34.2
25.3
40.7
31.0
33.8
24.8
37.1
73.7
42.3
31.4
29.9
21.4
39.6
34.1
39.6
33.1
28.7
40.5
27.9
28.2
33.5
37.8
116
31.1
45.9
22.4
33.8
32.8
30.5
36.3
32.5
33.6
38.0
20.1
41.8
29.7
35.3
128
38.0
42.7
32.7
29.7
24.7
20.4
46.6
32.7
36.7
29.0
24.7
38.7
30.3
40.9
114
39.2
27.0
35.9
42.1
33.2
33.1
31.9
37.2
36.4
35.1
47.4
33.7
34.5
40.8
114
33.9
28.5
31.2
39.7
30.3
35.0
37.3
28.5
43.6
18.0
27.2
39.5
36.3
33.2
120
34.7
27.1
36.0
38.5
40.9
28.0
28.1
26.4
30.6
31.9
31.2
37.0
27.5
33.4
108
39.6
36.3
33.5
31.9
34.7
38.5
38.5
34.9
40.1
36.2
16.9
36.6
33.8
35.4
103
37.8
35.8
25.3
29.4
35.1
24.1
41.9
30.6
35.6
29.9
30.4
28.6
22.1
37.2
118
30.0
31.3
29.2
34.2
32.8
37.4
36.2
40.2
37.4
28.0
36.1
26.9
42.7
37.9
125
41.2
37.7
33.3
33.9
26.3
38.9
38.5
42.4
26.2
31.1
38.2
25.8
29.4
29.9
107
38.4
29.2
36.5
32.5
29.2
37.7
25.2
39.2
35.2
28.3
34.8
26.5
37.9
22.9
127
39.1
40.1
17.1
37.4
40.0
32.6
41.1
32.4
36.2
31.2
40.4
27.3
30.0
33.6
97.6
28.5
37.5
42.1
28.7
43.2
29.6
34.6
38.1
43.5
