365
90.3
65.1
84.4
77.4
69.2
77.8
78.9
85.8
78.4
84.5
96.8
84.9
85.3
90.8
311
80.5
69.5
101
78.0
93.7
84.7
83.9
91.9
83.3
70.0
68.0
67.5
75.5
72.2
307
71.2
57.8
69.1
66.3
61.1
60.1
53.4
61.9
52.4
70.1
63.6
68.5
100
59.4
292
59.0
55.6
70.2
66.7
78.5
78.6
57.6
65.5
71.5
85.7
77.2
57.5
60.1
61.4
288
50.2
65.3
61.7
65.3
58.6
57.3
68.6
59.9
58.1
71.6
52.0
61.1
73.0
85.3
337
72.3
50.3
44.7
64.3
62.2
57.8
74.6
54.7
43.0
51.6
68.3
60.0
61.7
47.6
303
53.7
70.0
83.6
86.2
104
82.6
76.8
54.5
73.9
60.8
47.8
63.2
50.4
91.3
348
91.2
94.9
60.9
77.5
52.2
82.3
58.7
52.1
78.9
69.5
83.0
63.8
70.3
80.1
325
94.8
62.0
79.4
91.4
63.1
89.8
59.5
79.1
86.6
85.2
61.8
85.3
70.8
82.4
329
81.2
71.2
86.3
64.8
76.9
79.1
80.8
85.9
84.5
76.5
45.2
72.6
86.6
85.0
316
73.1
67.0
64.5
84.2
79.0
94.5
83.3
75.7
101
93.4
63.7
72.4
78.3
74.5
299
75.5
76.8
77.2
77.4
75.2
61.2
79.9
76.4
86.8
86.1
81.8
73.0
95.4
73.8
326
81.6
71.8
85.1
50.2
57.4
79.9
81.1
80.2
60.1
77.7
79.6
79.9
75.5
82.8
296
73.0
68.9
92.7
75.5
78.0
82.2
92.7
78.6
63.0
85.4
93.4
80.4
81.6
81.6
331
83.4
74.8
80.9
82.0
96.0
78.2
85.9
86.0
75.6
82.9
58.1
70.7
79.5
65.8
354
70.6
66.9
73.2
95.6
78.3
81.7
77.9
55.3
82.9
72.6
69.3
84.1
79.3
70.3
340
69.3
78.2
85.3
75.0
69.5
97.5
59.9
71.0
75.1
