280
73.4
77.3
119
78.6
72.5
84.9
81.7
87.1
78.5
89.3
87.1
50.6
91.8
80.9
243
99.7
90.7
91.8
79.6
87.1
120
74.0
76.4
75.8
67.9
77.9
90.8
98.9
84.9
246
68.9
73.7
92.0
87.3
85.0
73.3
74.2
77.2
72.3
86.9
73.0
86.8
72.2
75.0
244
79.1
81.3
72.4
67.2
78.7
80.6
97.2
79.7
82.5
88.3
80.9
104
97.0
76.3
278
87.8
95.4
70.2
81.6
78.2
83.3
84.9
72.1
90.7
85.5
83.6
89.2
72.7
90.6
226
102
90.6
98.1
69.0
90.0
90.0
81.7
98.6
57.2
88.5
76.8
73.1
76.5
92.0
211
86.6
87.9
107
82.2
94.4
65.3
62.0
90.0
84.5
87.5
102
90.6
94.0
86.4
194
90.8
70.1
70.0
74.6
97.3
69.0
87.3
87.6
83.5
77.1
80.0
88.1
86.1
88.9
238
86.0
83.4
84.7
97.5
77.7
82.0
93.1
84.6
66.8
82.3
132
79.3
71.0
94.4
259
87.5
100
72.5
89.7
92.5
77.5
89.2
88.6
49.7
119
78.9
65.8
55.3
88.0
235
78.2
76.2
80.4
89.0
104
70.4
69.6
73.3
118
86.0
70.6
78.2
88.2
81.6
239
86.3
97.4
85.0
81.6
86.7
85.6
84.3
91.7
85.7
84.3
76.7
95.8
90.0
92.0
205
81.2
52.0
75.6
73.6
74.8
96.1
107
97.5
105
89.2
79.0
67.8
42.4
90.4
240
85.7
81.6
92.7
75.2
94.6
106
78.5
75.1
66.5
58.4
81.9
59.3
89.2
78.0
247
99.6
91.0
71.4
90.1
100
54.2
51.9
87.9
85.0
82.2
98.0
67.5
100
83.8
237
109
71.8
66.1
85.8
87.8
45.8
101
87.9
53.0
42.0
50.6
56.4
85.6
68.4
242
87.0
78.0
84.9
52.6
82.2
67.2
85.3
134
82.1
