125
47.0
43.5
50.2
44.9
25.5
45.0
42.2
27.3
31.3
23.1
36.3
46.9
25.2
21.5
83.0
43.7
37.2
47.2
48.6
34.2
51.5
57.6
19.5
53.6
44.2
34.5
40.2
33.6
28.5
92.5
46.7
27.3
43.2
40.7
47.2
31.3
47.7
16.4
42.5
46.4
50.2
46.8
50.6
43.0
85.0
54.7
46.8
41.0
38.3
54.1
20.0
45.8
40.0
47.4
35.3
39.3
41.3
53.3
49.5
69.0
40.2
28.3
49.4
37.3
50.2
52.2
28.0
56.7
50.2
50.8
32.4
42.7
41.6
51.8
100
41.8
44.8
40.2
57.8
47.5
42.4
46.7
35.8
28.3
50.6
44.4
49.1
44.9
37.7
108
36.3
24.0
43.1
43.7
46.0
44.4
26.2
41.4
39.3
24.3
41.9
35.8
40.7
23.8
93.2
47.2
51.9
38.5
39.8
46.1
38.9
41.2
33.2
36.8
41.0
30.6
33.5
56.3
66.3
91.7
42.3
48.8
70.1
46.5
38.7
41.4
48.2
37.1
23.3
30.0
34.7
24.9
47.6
38.9
95.3
37.3
46.9
48.6
38.3
50.4
34.1
58.5
47.0
28.7
33.8
37.8
29.9
49.0
25.3
95.3
42.4
31.2
47.4
45.6
45.6
45.9
45.9
27.0
54.3
40.8
25.0
39.3
26.9
22.1
88.0
29.7
38.3
50.1
27.0
40.6
49.0
24.0
29.8
40.7
44.8
48.8
52.8
73.8
31.1
63.3
39.7
53.8
35.8
36.5
48.5
32.3
34.3
33.8
48.3
36.4
46.0
40.5
35.4
34.0
75.9
34.1
48.6
69.7
38.1
51.4
54.8
42.7
39.2
24.3
45.1
38.3
41.3
43.1
59.4
125
30.9
42.8
43.4
48.0
46.3
36.4
28.5
33.4
38.3
59.1
39.9
54.8
37.1
27.8
84.2
49.5
32.2
44.9
24.6
23.1
46.1
53.2
35.5
48.3
37.6
38.4
45.3
32.1
34.1
90.7
39.8
30.2
48.5
45.5
43.8
48.4
51.9
46.9
35.5
